
1472126095.41817,36
1472126100.468675,36
1472126105.503178,36
1472126110.609689,134
1472126115.659194,134
1472126120.7157,134
1472126125.767205,134
1472126130.81971,134
1472126135.875215,134
1472126140.92572,134
1472126145.973225,134
1472126151.02173,134
1472126156.070235,134
1472126161.12774,134
1472126166.205248,134
1472126171.239751,134
1472126176.273255,134
1472126181.305758,134
1472126186.350262,134
1472126191.390766,134
1472126196.421269,134
1472126201.463774,134
1472126206.849312,134
1472126211.889816,134
1472126216.923319,134
1472126221.994826,198
1472126227.072334,198
1472126232.120839,198
1472126237.181345,198
1472126242.239851,198
1472126247.295356,198
1472126252.343861,198
1472126257.403367,198
1472126262.463873,198
1472126267.529379,198
1472126272.577884,198
1472126277.63739,198
1472126282.752902,230
1472126287.785405,230
1472126292.843911,230
1472126297.960422,230
1472126303.003927,230
1472126308.03943,230
1472126313.080934,230
1472126318.122438,230
1472126323.167943,230
1472126328.197446,230
1472126333.23695,230
1472126338.282454,230
1472126343.398966,230
1472126348.469473,230
1472126353.525978,230
1472126358.575483,230
1472126363.634989,230
1472126368.675493,230
1472126373.714997,230
1472126378.753501,230
1472126383.796005,230
1472126388.825508,230
1472126393.862011,230
1472126398.903516,230
1472126403.935019,230
1472126408.965522,230
1472126413.997025,230
1472126419.101535,291
1472126424.162041,291
1472126429.210546,291
1472126434.258051,291
1472126439.305555,291
1472126444.359061,291
1472126449.407565,291
1472126454.461071,291
1472126459.564581,291
1472126465.203145,291
1472126470.243649,291
1472126475.288153,291
1472126480.328657,291
1472126485.370161,291
1472126490.411665,291
1472126495.446169,291
1472126500.481672,291
1472126505.528177,291
1472126510.56068,291
1472126515.603184,291
1472126520.695694,345
1472126525.737198,345
1472126530.777702,345
1472126535.817206,345
1472126540.846708,345
1472126545.886212,345
1472126550.918716,345
1472126555.95922,345
1472126560.998723,345
1472126566.101234,345
1472126571.172741,345
1472126576.217245,345
1472126581.314755,347
1472126586.36226,347
1472126591.411764,347
1472126596.444268,347
1472126601.487772,347
1472126606.529276,347
1472126611.56978,347
1472126616.602283,347
1472126621.661789,345
1472126626.746298,347
1472126631.790802,347
1472126636.853308,347
1472126641.910814,347
1472126646.960319,347
1472126652.023825,347
1472126657.07733,347
1472126662.129836,347
1472126667.188341,347
1472126672.248847,347
1472126677.318354,347
1472126682.818904,347
1472126688.27345,340
1472126693.37496,340
1472126698.529475,340
1472126703.713994,340
1472126708.942516,340
1472126714.146037,340
1472126719.315554,340
1472126724.692091,340
1472126730.068629,340
1472126735.450167,340
1472126740.7787,340
1472126746.152237,340
1472126751.521774,340
1472126756.706292,340
1472126761.908812,340
1472126767.119333,340
1472126772.264848,340
1472126777.397361,340
1472126782.768898,340
1472126788.043426,340
1472126793.509972,340
1472126798.830504,340
1472126804.104032,347
1472126809.465568,347
1472126814.646086,347
1472126819.959617,347
1472126825.281149,347
1472126830.362657,347
1472126835.719193,347
1472126840.760697,347
1472126845.99622,347
1472126851.274748,347
1472126856.318252,347
1472126861.352756,347
1472126866.776298,367
1472126871.817802,367
1472126877.138334,367
1472126882.383859,367
1472126887.706391,367
1472126892.972918,367
1472126898.233444,367
1472126903.276948,367
1472126908.455466,367
1472126913.656986,367
1472126918.784498,367
1472126924.070027,367
1472126929.166537,367
1472126934.20004,367
1472126939.235543,367
1472126944.441064,367
1472126949.476567,367
1472126954.695089,367
1472126959.942614,367
1472126964.983118,367
1472126970.023622,367
1472126975.058125,367
1472126980.100629,367
1472126985.199139,367
1472126990.248644,367
1472126995.299149,367
1472127000.430662,367
1472127005.488168,367
1472127010.537673,367
1472127015.595179,367
1472127020.648684,367
1472127025.699189,367
1472127030.760695,367
1472127035.931212,367
1472127041.079727,367
1472127046.278247,367
1472127051.51377,403
1472127056.571276,403
1472127061.71679,403
1472127066.774296,403
1472127071.833802,403
1472127076.892308,403
1472127081.941813,403
1472127086.999318,403
1472127092.060824,403
1472127097.124331,403
1472127102.183837,403
1472127107.235342,403
1472127112.373855,396
1472127117.432361,396
1472127122.491867,396
1472127127.547373,396
1472127132.595877,396
1472127137.653383,396
1472127142.701888,396
1472127147.736391,396
1472127152.769895,396
1472127157.804398,396
1472127162.843902,396
1472127167.879405,396
1472127172.944912,396
1472127178.237441,396
1472127183.272945,396
1472127188.315449,396
1472127193.349952,396
1472127198.388456,396
1472127203.492966,361
1472127208.568474,361
1472127213.62998,361
1472127218.691486,361
1472127223.742991,361
1472127228.795496,361
1472127233.849002,361
1472127238.882505,361
1472127243.92901,361
1472127248.968514,361
1472127253.997016,361
1472127259.03652,361
1472127264.092026,361
1472127269.149531,361
1472127283.697986,341
1472127288.759492,341
1472127293.809997,341
1472127298.869503,341
1472127303.927009,341
1472127308.977514,341
1472127314.03602,341
1472127319.088525,341
1472127324.13903,341
1472127329.183534,341
1472127334.219038,341
1472127339.264542,341
1472127344.298046,341
1472127349.34255,341
1472127354.388054,341
1472127359.422558,341
1472127364.457061,341
1472127369.492565,341
1472127374.54207,341
1472127379.579573,341
1472127384.698085,326
1472127390.04862,326
1472127395.14613,326
1472127400.183634,326
1472127405.226138,326
1472127410.267642,326
1472127419.718587,326
1472127424.760091,326
1472127429.803595,326
1472127434.837099,326
1472127439.94861,326
1472127444.993114,326
1472127450.026617,326
1472127455.110126,356
1472127460.178632,356
1472127465.211136,356
1472127470.246639,356
1472127475.289143,356
1472127480.332648,356
1472127485.366151,356
1472127490.401654,356
1472127495.475162,356
1472127500.533668,356
1472127505.584173,356
1472127510.644679,356
1472127515.701184,356
1472127520.76169,356
1472127525.821196,356
1472127530.874701,356
1472127535.937208,356
1472127540.990713,356
1472127546.042218,356
1472127551.102724,356
1472127556.208234,373
1472127561.248738,373
1472127566.323246,373
1472127571.383752,373
1472127576.444258,373
1472127581.503764,373
1472127586.557269,373
1472127591.606774,373
1472127596.66828,373
1472127601.720785,373
1472127606.77329,373
1472127611.827796,373
1472127616.881301,373
1472127621.932806,373
1472127626.992312,373
1472127632.102823,385
1472127637.151328,385
1472127642.215834,385
1472127647.27434,385
1472127652.329846,385
1472127657.388351,385
1472127662.445857,385
1472127667.495362,385
1472127672.545867,385
1472127677.607373,385
1472127682.660878,385
1472127687.706383,385
1472127692.752888,385
1472127697.794392,385
1472127702.829895,385
1472127707.871399,385
1472127712.913903,385
1472127717.954407,385
1472127722.989911,385
1472127728.119424,410
1472127733.18093,410
1472127738.233435,410
1472127743.292941,410
1472127748.343446,410
1472127753.394951,410
1472127758.445456,410
1472127763.500962,410
1472127768.559467,410
1472127773.676979,410
1472127778.718483,410
1472127783.753987,410
1472127788.853497,393
1472127793.905002,393
1472127798.964508,393
1472127804.018013,393
1472127809.071518,393
1472127814.129024,393
1472127819.18953,393
1472127824.239035,393
1472127829.29154,393
1472127834.345045,393
1472127839.397551,393
1472127844.478059,393
1472127849.559567,393
1472127854.69608,393
1472127859.729584,393
1472127864.772088,393
1472127869.819592,393
1472127874.855096,393
1472127879.889599,393
1472127884.933104,393
1472127889.975608,393
1472127895.010111,393
1472127900.052615,393
1472127905.105121,393
1472127910.286639,393
1472127915.410151,393
1472127920.513661,393
1472127925.60117,393
1472127930.687679,393
1472127935.737184,393
1472127940.788689,393
1472127945.840194,393
1472127950.890699,393
1472127955.943204,393
1472127961.022712,393
1472127966.396249,393
1472127971.528762,393
1472127976.572267,393
1472127981.616771,393
1472127986.653275,393
1472127991.691778,393
1472127996.730282,393
1472128001.775787,393
1472128006.81029,393
1472128011.841793,393
1472128016.888298,393
1472128021.920801,393
1472128027.000309,393
1472128032.063815,393
1472128037.168326,393
1472128042.229832,393
1472128047.283337,393
1472128052.338843,393
1472128057.394348,393
1472128062.444853,393
1472128067.503359,393
1472128072.556864,393
1472128077.740382,393
1472128082.793888,393
1472128087.893398,393
1472128092.944903,393
1472128098.006409,393
1472128103.073916,393
1472128108.137422,393
1472128113.225931,393
1472128118.277436,393
1472128123.336942,393
1472128128.386447,393
1472128133.447953,393
1472128138.484456,393
1472128143.51996,393
1472128148.560464,393
1472128153.595967,393
1472128158.629471,393
1472128164.166024,393
1472128169.211529,393
1472128174.259033,393
1472128179.302538,393
1472128184.345042,393
1472128189.379545,393
1472128194.479055,403
1472128199.520559,403
1472128204.563063,403
1472128209.606568,403
1472128214.653072,403
1472128219.689576,403
1472128224.73108,403
1472128229.83559,403
1472128234.900097,403
1472128239.956602,403
1472128245.006107,403
1472128250.062613,403
1472128255.145121,403
1472128260.207627,403
1472128265.264133,403
1472128270.320639,403
1472128275.377144,403
1472128280.44065,403
1472128285.53816,380
1472128290.580664,380
1472128295.792185,380
1472128300.826689,380
1472128306.012207,380
1472128311.209727,380
1472128316.497256,380
1472128321.84279,380
1472128327.171323,380
1472128332.584864,380
1472128337.64537,380
1472128342.702876,380
1472128347.760382,380
1472128352.815887,380
1472128357.871393,380
1472128362.930899,380
1472128367.985404,380
1472128373.032909,380
1472128378.084414,380
1472128383.205926,381
1472128388.252431,381
1472128393.639969,381
1472128398.760481,381
1472128404.076013,381
1472128409.200525,381
1472128414.24703,381
1472128419.293534,381
1472128424.35004,381
1472128429.702575,381
1472128434.75108,381
1472128439.874592,381
1472128445.000105,394
1472128450.04961,394
1472128455.107115,394
1472128460.165621,394
1472128465.518156,394
1472128473.571962,394
1472128478.628467,394
1472128483.767981,394
1472128488.823487,394
1472128493.985003,394
1472128499.032507,394
1472128504.145019,394
1472128509.464551,397
1472128514.600064,397
1472128519.976602,397
1472128525.314135,397
1472128530.368641,397
1472128535.424146,397
1472128540.479652,397
1472128545.535157,397
1472128550.590663,397
1472128555.645168,397
1472128560.692673,397
1472128565.739177,397
1472128570.876691,389
1472128575.924196,389
1472128580.978701,389
1472128586.026206,389
1472128591.073711,389
1472128596.129216,389
1472128601.186722,389
1472128606.218225,389
1472128611.276731,389
1472128616.410244,389
1472128621.46875,389
1472128626.518214,389
1472128631.646648,407
1472128639.693623,407
1472128644.738099,407
1472128649.791571,407
1472128654.819056,389
1472128665.360783,407
1472128670.395264,407
1472128675.424748,407
1472128680.453233,407
1472128685.491712,407
1472128690.524195,407
1472128695.559676,407
1472128700.598155,407
1472128705.62564,407
1472128710.728088,433
1472128715.757572,407
1472128720.804047,433
1472128725.847524,433
1472128730.898997,433
1472128735.943474,433
1472128740.994947,433
1472128746.053416,433
1472128751.105889,433
1472128756.149366,433
1472128761.201838,433
1472128766.258309,433
1472128771.378747,430
1472128776.433219,430
1472128781.48769,430
1472128786.529168,430
1472128791.567648,430
1472128796.596132,430
1472128801.645606,430
1472128806.674091,430
1472128811.71257,430
1472128816.745053,430
1472128821.780534,430
1472128827.019913,430
1472128832.056393,430
1472128837.097871,430
1472128842.130354,430
1472128847.213811,430
1472128852.245294,430
1472128857.275777,430
1472128862.573127,430
1472128867.611607,430
1472128872.650086,430
1472128877.678571,430
1472128882.707055,430
1472128887.796509,430
1472128892.849981,430
1472128897.904453,430
1472128902.94793,430
1472128908.017394,430
1472128913.070866,430
1472128918.164318,430
1472128923.270763,430
1472128928.325719,430
1472128933.375214,430
1472128938.423709,430
1472128943.482203,430
1472128948.546697,410
1472128953.634188,410
1472128958.662685,410
1472128963.705181,410
1472128968.81367,410
1472128973.848166,410
1472128978.889662,410
1472128983.924159,410
1472128988.958655,410
1472128993.997151,410
1472128999.040647,410
1472129004.078143,410
1472129009.152635,434
1472129014.185132,434
1472129019.212629,434
1472129024.254125,434
1472129029.290621,434
1472129034.322118,434
1472129039.353615,434
1472129044.396111,434
1472129049.641586,434
1472129054.672083,434
1472129059.714579,434
1472129064.749075,434
1472129069.791571,434
1472129074.881062,430
1472129079.913559,430
1472129084.946055,430
1472129089.986551,430
1472129095.071043,430
1472129100.476502,430
1472129105.533996,430
1472129110.584491,430
1472129115.632986,430
1472129120.69448,430
1472129125.744975,430
1472129130.803469,430
1472129135.851964,430
1472129140.899459,430
1472129145.949954,430
1472129151.003449,430
1472129156.055944,430
1472129161.146435,427
1472129166.320917,427
1472129171.371412,427
1472129176.4949,427
1472129181.636385,427
1472129186.703879,427
1472129191.762373,427
1472129196.819867,427
1472129201.878361,427
1472129206.930856,427
1472129211.980351,427
1472129217.029846,427
1472129222.150334,420
1472129227.198092,420
1472129232.254092,420
1472129237.305092,420
1472129242.362092,420
1472129247.419092,420
1472129252.480092,420
1472129257.533092,420
1472129262.583092,420
1472129267.656092,420
1472129272.691092,420
1472129277.724092,420
1472129282.766092,420
1472129287.805092,420
1472129292.846092,420
1472129297.990092,419
1472129303.040092,419
1472129308.099092,419
1472129313.151092,419
1472129318.209092,419
1472129323.265092,419
1472129328.315092,419
1472129333.372092,419
1472129338.430092,419
1472129343.488092,419
1472129348.547092,419
1472129353.599092,419
1472129358.920092,419
1472129363.981092,419
1472129369.034092,419
1472129374.095092,419
1472129379.153092,419
1472129384.203092,419
1472129389.261092,419
1472129394.321092,419
1472129399.370092,419
1472129404.428092,419
1472129409.495092,419
1472129414.530092,419
1472129419.635092,419
1472129424.687092,419
1472129429.744092,419
1472129434.795092,419
1472129440.200092,419
1472129445.520092,419
1472129450.773092,419
1472129456.116092,419
1472129461.461092,419
1472129466.520092,419
1472129471.598092,419
1472129476.643092,419
1472129481.683092,419
1472129486.730092,419
1472129491.773092,419
1472129496.960092,419
1472129502.101092,419
1472129507.792092,406
1472129513.214092,406
1472129518.636092,406
1472129523.717092,406
1472129528.777092,406
1472129533.827092,406
1472129538.883092,406
1472129543.944092,406
1472129548.995092,406
1472129554.054092,406
1472129559.116092,406
1472129564.168092,406
1472129569.321092,413
1472129574.373092,413
1472129579.424092,413
1472129584.486092,413
1472129589.536092,413
1472129594.594092,413
1472129599.758092,413
1472129604.859092,413
1472129609.941092,413
1472129615.034092,413
1472129620.083092,413
1472129625.138092,413
1472129630.286092,433
1472129635.343092,433
1472129640.403092,433
1472129645.464092,433
1472129650.517092,433
1472129655.574092,433
1472129660.627092,433
1472129665.687092,433
1472129670.745092,433
1472129676.082092,433
1472129681.425092,433
1472129686.856092,433
1472129692.197092,428
1472129697.540092,428
1472129703.116092,428
1472129708.518092,428
1472129713.850092,428
1472129718.927092,428
1472129724.016092,428
1472129729.104092,428
1472129734.257092,428
1472129739.319092,428
1472129744.459092,428
1472129749.510092,428
1472129754.616092,428
1472129759.691092,428
1472129764.733092,428
1472129769.777092,428
1472129774.812092,428
1472129779.850092,428
1472129785.054092,428
1472129790.290092,428
1472129795.578092,428
1472129800.955092,428
1472129805.992092,428
1472129811.106092,428
1472129816.464092,428
1472129821.794092,426
1472129827.168092,426
1472129832.623092,426
1472129837.668092,426
1472129842.704092,426
1472129847.748092,426
1472129853.004092,426
1472129858.047092,426
1472129863.090092,426
1472129868.126092,426
1472129873.345092,426
1472129878.614092,426
1472129883.887092,428
1472129888.948092,428
1472129893.999092,428
1472129899.051092,428
1472129904.111092,428
1472129909.174092,428
1472129914.237092,428
1472129919.298092,428
1472129924.349092,428
1472129935.507092,428
1472129940.558092,428
1472129945.737092,428
1472129950.780092,428
1472129955.940092,428
1472129960.974092,428
1472129966.016092,428
1472129971.048092,428
1472129976.090092,428
1472129981.132092,428
1472129986.166092,428
1472129991.278092,462
1472129996.336092,462
1472130001.538092,462
1472130007.109092,462
1472130012.204092,462
1472130017.301092,462
1472130022.475092,462
1472130027.525092,462
1472130032.687092,462
1472130037.746092,462
1472130042.808092,462
1472130048.216092,462
1472130053.331092,456
1472130058.581092,456
1472130063.948092,456
1472130069.199092,456
1472130074.368092,456
1472130079.697092,456
1472130084.930092,456
1472130090.165092,456
1472130095.423092,456
1472130100.675092,456
1472130105.992092,456
1472130111.508092,456
1472130116.982092,439
1472130122.344092,439
1472130127.730092,439
1472130133.120092,439
1472130138.541092,439
1472130143.861092,439
1472130149.138092,439
1472130154.384092,439
1472130159.706092,439
1472130165.068092,439
1472130170.254092,439
1472130175.947092,439
1472130181.265092,439
1472130186.588092,439
1472130191.781092,439
1472130197.121092,439
1472130202.297092,439
1472130207.723092,439
1472130213.032092,439
1472130218.248092,439
1472130223.809092,439
1472130228.913092,438
1472130233.952092,438
1472130238.991092,438
1472130244.029092,438
1472130249.070092,438
1472130254.103092,438
1472130259.145092,438
1472130264.183092,438
1472130269.226092,438
1472130274.262092,438
1472130279.342092,438
1472130284.378092,438
1472130289.496092,438
1472130294.540092,438
1472130299.572092,438
1472130304.612092,438
1472130309.982092,438
1472130315.018092,438
1472130320.065092,438
1472130325.099092,438
1472130330.131092,438
1472130335.165092,438
1472130340.208092,438
1472130345.252092,438
1472130350.377092,435
1472130355.421092,435
1472130360.454092,435
1472130365.496092,435
1472130370.657092,435
1472130375.717092,435
1472130380.930092,435
1472130386.170092,435
1472130391.416092,435
1472130396.792092,435
1472130402.303092,435
1472130407.679092,435
1472130413.048092,423
1472130418.421092,423
1472130423.770092,423
1472130429.127092,423
1472130434.507092,423
1472130439.835092,423
1472130445.202092,423
1472130450.498092,423
1472130456.012092,423
1472130461.346092,423
1472130466.901092,423
1472130472.324092,423
1472130477.672092,423
1472130482.996092,423
1472130488.365092,421
1472130493.941092,423
1472130499.309092,423
1472130504.699092,423
1472130509.793092,423
1472130514.826092,421
1472130519.858092,421
1472130524.893092,421
1472130530.229092,421
1472130535.267092,421
1472130540.308092,421
1472130545.350092,421
1472130550.456092,421
1472130555.488092,421
1472130560.532092,421
1472130565.573092,421
1472130570.673092,421
1472130575.724092,421
1472130580.767092,421
1472130585.801092,421
1472130590.832092,421
1472130595.865092,421
1472130600.898092,421
1472130605.959092,421
1472130611.019092,421
1472130616.070092,421
1472130621.119092,421
1472130626.168092,421
1472130631.521092,395
1472130636.556092,395
1472130641.588092,395
1472130649.630092,395
1472130654.661092,395
1472130659.695092,395
1472130664.734092,395
1472130669.764092,395
1472130674.794092,395
1472130679.836092,395
1472130684.928092,395
1472130689.986092,395
1472130695.036092,395
1472130700.093092,395
1472130705.384092,395
1472130710.559092,395
1472130715.606092,395
1472130723.757092,395
1472130731.811092,395
1472130736.858092,395
1472130741.914092,395
1472130746.982092,395
1472130752.023092,395
1472130757.127092,395
1472130762.182092,395
1472130767.230092,395
1472130772.283092,395
1472130777.381092,395
1472130782.413092,395
1472130787.445092,395
1472130792.479092,395
1472130797.512092,395
1472130802.546092,395
1472130807.598092,395
1472130812.645092,395
1472130817.693092,395
1472130822.854092,413
1472130827.902092,413
1472130832.960092,413
1472130838.017092,413
1472130843.063092,413
1472130848.120092,413
1472130853.168092,413
1472130858.224092,413
1472130863.310092,413
1472130868.341092,413
1472130873.370092,413
1472130878.408092,413
1472130883.450092,413
1472130888.505092,413
1472130896.544092,413
1472130904.584092,413
1472130909.921092,413
1472130914.960092,413
1472130920.037092,413
1472130925.093092,413
1472130930.143092,413
1472130935.192092,413
1472130940.247092,413
1472130945.303092,413
1472130950.350092,413
1472130955.401092,413
1472130960.459092,413
1472130965.516092,413
1472130970.573092,413
1472130975.629092,413
1472130980.679092,413
1472130985.784092,439
1472130990.844092,439
1472130995.902092,439
1472131000.960092,439
1472131006.011092,439
1472131011.062092,439
1472131016.111092,439
1472131021.184092,439
1472131026.235092,439
1472131031.293092,439
1472131036.355092,439
1472131041.407092,439
1472131046.521092,416
1472131051.578092,416
1472131056.628092,416
1472131061.686092,416
1472131066.745092,416
1472131071.796092,416
1472131076.855092,416
1472131081.905092,416
1472131086.956092,416
1472131092.009092,416
1472131097.068092,416
1472131102.116092,416
1472131107.227092,424
1472131112.287092,424
1472131117.336092,424
1472131122.386092,424
1472131127.440092,424
1472131132.873092,424
1472131137.931092,424
1472131142.990092,424
1472131148.039092,424
1472131153.089092,424
1472131158.148092,424
1472131163.207092,424
1472131168.301092,419
1472131173.353092,419
1472131178.403092,419
1472131183.454092,419
1472131188.491092,419
1472131193.524092,419
1472131198.556092,419
1472131203.590092,419
1472131208.632092,419
1472131213.674092,419
1472131218.718092,419
1472131223.755092,419
1472131228.791092,419
1472131233.836092,419
1472131238.872092,419
1472131243.999092,416
1472131249.060092,416
1472131254.119092,416
1472131262.181092,416
1472131267.233092,416
1472131272.283092,416
1472131277.335092,416
1472131282.397092,416
1472131287.728092,416
1472131293.040092,416
1472131298.415092,416
1472131303.619092,416
1472131309.061092,400
1472131314.317092,400
1472131319.602092,400
1472131324.750092,400
1472131330.100092,400
1472131335.160092,400
1472131340.429092,400
1472131345.466092,400
1472131350.501092,400
1472131355.541092,400
1472131360.587092,400
1472131365.629092,400
1472131370.670092,400
1472131375.699092,400
1472131381.648092,383
1472131386.695092,383
1472131391.750092,383
1472131396.806092,383
1472131401.854092,383
1472131406.908092,383
1472131411.955092,383
1472131417.009092,383
1472131422.069092,383
1472131427.112092,383
1472131432.149092,383
1472131437.188092,383
1472131442.610092,362
1472131447.666092,362
1472131452.723092,362
1472131458.083092,362
1472131463.142092,362
1472131468.189092,362
1472131473.248092,362
1472131478.296092,362
1472131483.343092,362
1472131488.390092,362
1472131494.337092,362
1472131499.394092,362
1472131504.425092,362
1472131509.466092,362
1472131514.499092,362
1472131519.798092,362
1472131524.964092,362
1472131530.255092,362
1472131535.469092,362
1472131540.701092,362
1472131545.878092,362
1472131551.115092,362
1472131556.305092,348
1472131561.363092,348
1472131566.426092,348
1472131571.747092,348
1472131577.115092,348
1472131582.440092,348
1472131587.609092,348
1472131592.979092,348
1472131598.250092,348
1472131603.632092,348
1472131609.029092,348
1472131614.443092,348
1472131619.850092,348
1472131625.181092,357
1472131630.683092,357
1472131640.455092,357
1472131645.772092,357
1472131651.042092,357
1472131656.391092,357
1472131661.717092,357
1472131667.070092,357
1472131672.383092,357
1472131677.698092,357
1472131683.114092,357
1472131688.654092,357
1472131694.119092,351
1472131699.466092,351
1472131704.879092,351
1472131710.284092,351
1472131715.324092,351
1472131720.611092,351
1472131726.034092,351
1472131731.576092,351
1472131736.972092,351
1472131742.238092,351
1472131747.609092,351
1472131752.890092,351
1472131758.273092,351
1472131763.553092,351
1472131768.891092,351
1472131774.301092,351
1472131779.636092,351
1472131785.013092,351
1472131790.065092,351
1472131795.460092,340
1472131800.681092,340
1472131806.023092,340
1472131811.425092,340
1472131816.779092,340
1472131822.184092,340
1472131827.587092,340
1472131832.975092,340
1472131838.363092,340
1472131843.701092,340
1472131849.062092,340
1472131854.314092,340
1472131859.710092,340
1472131865.046092,353
1472131870.387092,353
1472131875.741092,353
1472131881.152092,353
1472131886.427092,353
1472131891.807092,353
1472131897.063092,353
1472131902.449092,353
1472131907.958092,353
1472131913.320092,353
1472131918.708092,353
1472131924.062092,353
1472131929.333092,353
1472131934.393092,353
1472131939.442092,353
1472131944.493092,353
1472131949.544092,353
1472131954.600092,353
1472131959.658092,353
1472131964.712092,353
1472131969.873092,344
1472131974.919092,344
1472131979.954092,344
1472131992.619092,344
1472131997.682092,344
1472132002.732092,344
1472132007.793092,344
1472132012.854092,344
1472132017.915092,344
1472132022.966092,344
1472132028.067092,344
1472132033.180092,337
1472132038.229092,337
1472132043.278092,337
1472132048.337092,337
1472132053.399092,337
1472132058.539092,337
1472132063.705092,337
1472132068.764092,337
1472132073.841092,337
1472132078.894092,337
1472132083.945092,337
1472132088.996092,337
1472132094.099092,337
1472132099.148092,337
1472132104.200092,337
1472132109.307092,337
1472132114.400092,337
1472132119.476092,337
1472132124.601092,337
1472132129.651092,337
1472132134.708092,337
1472132139.951092,337
1472132145.267092,337
1472132150.654092,337
1472132155.742092,337
1472132160.823092,337
1472132165.941092,337
1472132170.977092,337
1472132176.074092,337
1472132181.135092,337
1472132186.193092,337
1472132191.251092,337
1472132196.316092,337
1472132201.375092,337
1472132206.428092,337
1472132211.492092,337
1472132216.542092,337
1472132221.601092,337
1472132226.652092,337
1472132231.704092,337
1472132236.757092,337
1472132241.863092,309
1472132246.915092,309
1472132251.974092,309
1472132257.045092,309
1472132262.109092,309
1472132267.162092,309
1472132272.224092,309
1472132277.278092,309
1472132282.332092,309
1472132287.392092,309
1472132292.444092,309
1472132297.500092,309
1472132302.536092,309
1472132307.580092,309
1472132312.700092,293
1472132317.761092,293
1472132322.820092,293
1472132327.854092,293
1472132332.887092,293
1472132337.922092,293
1472132342.957092,293
1472132348.001092,293
1472132353.034092,293
1472132358.066092,293
1472132363.110092,293
1472132368.143092,293
1472132373.186092,293
1472132378.221092,293
1472132383.336092,298
1472132388.385092,298
1472132393.436092,298
1472132398.491092,298
1472132403.541092,298
1472132408.599092,298
1472132413.658092,298
1472132418.716092,298
1472132423.779092,298
1472132428.840092,298
1472132433.898092,298
1472132438.957092,298
1472132444.083092,294
1472132449.143092,294
1472132454.203092,294
1472132459.292092,294
1472132464.390092,294
1472132469.493092,294
1472132474.542092,294
1472132479.602092,294
1472132484.649092,294
1472132489.707092,294
1472132494.760092,294
1472132499.814092,294
1472132504.914092,294
1472132509.966092,294
1472132515.018092,294
1472132520.075092,294
1472132525.125092,294
1472132530.178092,294
1472132535.239092,294
1472132540.288092,294
1472132545.339092,294
1472132550.390092,294
1472132555.442092,294
1472132560.490092,294
1472132565.538092,294
1472132570.657092,235
1472132575.717092,235
1472132580.765092,235
1472132585.833092,235
1472132590.873092,235
1472132595.914092,235
1472132600.958092,235
1472132605.988092,235
1472132611.205092,235
1472132616.248092,235
1472132621.279092,235
1472132626.338092,235
1472132631.560092,235
1472132636.621092,235
1472132641.679092,235
1472132646.735092,235
1472132652.160092,235
1472132657.230092,235
1472132662.654092,235
1472132667.684092,235
1472132672.734092,235
1472132677.791092,235
1472132682.847092,235
1472132687.895092,235
1472132693.013092,211
1472132698.074092,211
1472132703.122092,211
1472132708.173092,211
1472132713.222092,211
1472132718.285092,211
1472132723.333092,211
1472132728.393092,211
1472132733.446092,211
1472132738.495092,211
1472132743.557092,211
1472132748.607092,211
1472132753.665092,211
1472132758.766092,208
1472132763.815092,208
1472132768.871092,208
1472132773.926092,208
1472132778.974092,208
1472132784.022092,208
1472132789.080092,208
1472132794.127092,208
1472132799.182092,208
1472132804.238092,208
1472132809.293092,208
1472132814.341092,208
1472132819.441092,208
1472132824.489092,208
1472132829.536092,208
1472132834.601092,208
1472132839.642092,208
1472132844.674092,208
1472132849.726092,208
1472132854.775092,208
1472132859.832092,208
1472132864.888092,208
1472132869.936092,208
1472132874.985092,208
1472132880.123092,208
1472132885.182092,208
1472132890.216092,208
1472132895.288092,208
1472132900.329092,208
1472132905.372092,208
1472132910.412092,208
1472132915.443092,208
1472132920.482092,208
1472132925.523092,208
1472132930.557092,208
1472132935.587092,208
1472132940.618092,208
1472132945.650092,208
1472132950.790092,219
1472132955.845092,219
1472132960.901092,219
1472132965.958092,219
1472132971.016092,219
1472132976.077092,219
1472132981.134092,219
1472132986.183092,219
1472132991.231092,219
1472132996.282092,219
1472133001.630092,219
1472133006.804092,219
1472133011.917092,219
1472133016.970092,219
1472133022.001092,219
1472133027.042092,219
1472133032.080092,219
1472133038.031092,219
1472133043.067092,219
1472133048.109092,219
1472133053.152092,219
1472133058.191092,219
1472133063.289092,215
1472133068.339092,215
1472133073.395092,215
1472133078.461092,215
1472133083.490092,215
1472133088.525092,215
1472133093.564092,215
1472133098.707092,215
1472133103.737092,215
1472133108.771092,215
1472133113.810092,215
1472133118.841092,215
1472133124.195092,215
1472133129.533092,215
1472133134.882092,215
1472133140.325092,168
1472133145.696092,168
1472133150.726092,168
1472133155.756092,168
1472133160.798092,168
1472133165.831092,168
1472133170.862092,168
1472133175.980092,168
1472133181.221092,168
1472133186.546092,168
1472133191.905092,168
1472133197.132092,168
1472133202.241092,171
1472133207.369092,171
1472133212.741092,171
1472133218.006092,171
1472133223.254092,171
1472133228.625092,171
1472133234.199092,171
1472133239.753092,171
1472133245.074092,171
1472133250.583092,171
1472133255.767092,171
1472133261.054092,171
1472133266.470092,171
1472133271.768092,171
1472133277.066092,171
1472133282.124092,171
1472133287.298092,171
1472133292.348092,171
1472133297.430092,171
1472133302.729092,171
1472133308.018092,171
1472133313.313092,171
1472133318.669092,171
1472133324.012092,171
1472133329.358092,171
1472133334.690092,171
1472133340.090092,171
1472133345.494092,171
1472133350.891092,171
1472133356.450092,163
1472133361.824092,163
1472133367.209092,163
1472133372.498092,163
1472133377.890092,163
1472133383.166092,163
1472133388.508092,163
1472133393.833092,163
1472133399.147092,163
1472133404.523092,163
1472133409.908092,163
1472133415.581092,163
1472133421.069092,162
1472133426.605092,162
1472133432.018092,162
1472133437.267092,162
1472133442.620092,162
1472133447.901092,162
1472133453.234092,162
1472133458.420092,162
1472133463.477092,162
1472133468.525092,162
1472133473.567092,162
1472133478.790092,162
1472133483.901092,118
1472133489.331092,118
1472133494.600092,118
1472133499.829092,118
1472133504.868092,118
1472133509.917092,118
1472133514.976092,118
1472133520.024092,118
1472133525.079092,118
1472133530.128092,118
1472133535.329092,118
1472133540.691092,118
1472133546.223092,118
1472133551.691092,41
1472133557.103092,41
1472133562.260092,41
1472133567.566092,41
1472133572.927092,41
1472133578.270092,41
1472133583.513092,41
1472133588.562092,41
1472133593.610092,41
1472133598.775092,41
1472133603.830092,41
1472133608.889092,41
1472133613.996092,39
1472133619.054092,39
1472133624.107092,39
1472133629.142092,39
1472133634.173092,39
1472133639.566092,39
1472133644.756092,39
1472133649.805092,39
1472133654.853092,39
1472133659.904092,39
1472133665.095092,39
1472133670.297092,39
1472133675.638092,20
1472133680.695092,20
1472133685.743092,20
1472133691.128092,20
1472133696.162092,20
1472133701.567092,20
1472133706.619092,20
1472133711.676092,20
1472133716.727092,20
1472133721.781092,20
1472133726.843092,20
1472133731.937092,20
1472133737.063092,36
1472133742.110092,36
1472133747.159092,36
1472133752.208092,36
1472133757.267092,36
1472133762.328092,36
1472133767.401092,36
1472133772.661092,36
1472133778.116092,36
1472133783.508092,36
1472133788.835092,36
1472133794.254092,36
1472133799.563092,36
1472133804.962092,36
1472133810.335092,36
1472133815.744092,36
1472133821.173092,36
1472133826.469092,36
1472133831.652092,36
1472133837.126092,36
1472133842.457092,36
1472133847.826092,36
1472133853.097092,36
1472133858.366092,36
1472133863.690092,33
1472133869.055092,33
1472133874.407092,33
1472133879.717092,33
1472133885.059092,33
1472133890.403092,33
1472133895.849092,33
1472133901.188092,33
1472133906.398092,33
1472133911.694092,33
1472133916.865092,33
1472133921.906092,33
1472133926.949092,33
1472133931.981092,33
1472133937.206092,33
1472133942.240092,33
1472133947.461092,33
1472133952.722092,33
1472133957.874092,19
1472133963.008092,19
1472133968.130092,19
1472133973.427092,19
1472133978.748092,19
1472133983.789092,19
1472133988.834092,19
1472133993.981092,19
1472133999.121092,19
1472134004.159092,19
1472134009.227092,19
1472134014.261092,19
1472134019.386092,36
1472134024.426092,36
1472134029.460092,36
1472134034.492092,36
1472134039.530092,36
1472134044.561092,36
1472134049.601092,36
1472134054.668092,36
1472134059.727092,36
1472134065.150092,36
1472134070.211092,36
1472134075.590092,36
1472134080.744092,36
1472134085.794092,36
1472134090.845092,36
1472134095.895092,36
1472134101.057092,36
1472134106.164092,36
1472134111.302092,36
1472134116.521092,41
1472134121.571092,41
1472134126.640092,41
1472134131.681092,41
1472134136.722092,41
1472134141.754092,41
1472134147.014092,41
1472134152.332092,41
1472134157.696092,41
1472134163.027092,41
1472134168.322092,41
1472134173.623092,41
1472134178.935092,41
1472134184.487092,41
1472134190.206092,37
1472134195.481092,37
1472134200.823092,37
1472134206.424092,37
1472134212.006092,37
1472134217.539092,37
1472134223.036092,37
1472134228.592092,37
1472134233.967092,37
1472134239.025092,37
1472134244.081092,37
1472134249.132092,37
1472134254.250092,18
1472134259.300092,18
1472134264.357092,18
1472134269.702092,18
1472134275.042092,18
1472134280.289092,18
1472134285.630092,18
1472134290.887092,18
1472134296.356092,18
1472134301.731092,18
1472134307.041092,18
1472134312.420092,18
1472134317.847092,17
1472134323.122092,17
1472134328.408092,17
1472134333.693092,17
1472134339.088092,17
1472134344.791092,17
1472134350.257092,17
1472134355.584092,17
1472134360.987092,17
1472134366.365092,17
1472134371.593092,17
1472134376.986092,17
1472134382.470092,17
1472134387.832092,17
1472134393.242092,17
1472134398.624092,16
1472134404.202092,16
1472134409.606092,16
1472134414.905092,16
1472134420.271092,16
1472134425.640092,16
1472134430.692092,16
1472134435.757092,16
1472134440.848092,16
1472134445.999092,16
1472134451.089092,16
1472134456.125092,16
1472134461.330092,16
1472134466.372092,16
1472134471.546092,16
1472134476.955092,16
1472134482.185092,16
1472134487.311092,16
1472134492.445092,16
1472134497.685092,16
1472134502.946092,16
1472134508.153092,16
1472134513.468092,16
1472134518.899092,16
1472134524.164092,16
1472134529.378092,16
1472134534.706092,16
1472134539.989092,16
1472134545.216092,16
1472134550.401092,16
1472134555.724092,16
1472134560.900092,16
1472134566.069092,16
1472134571.287092,16
1472134576.610092,16
1472134581.884092,15
1472134587.128092,15
1472134592.499092,15
1472134597.690092,15
1472134602.864092,15
1472134608.060092,15
1472134613.230092,15
1472134618.348092,15
1472134623.406092,15
1472134628.455092,15
1472134633.520092,15
1472134638.575092,15
1472134643.693092,15
1472134648.744092,15
1472134653.795092,15
1472134658.852092,15
1472134663.901092,15
1472134668.997092,15
1472134674.026092,15
1472134679.065092,15
1472134684.097092,15
1472134689.135092,15
1472134694.175092,15
1472134699.214092,15
1472134704.316092,15
1472134709.349092,15
1472134714.389092,15
1472134719.425092,15
1472134724.475092,15
1472134729.508092,15
1472134734.560092,15
1472134739.592092,15
1472134744.625092,15
1472134749.684092,15
1472134754.726092,15
1472134759.770092,15
1472134764.812092,15
1472134769.846092,15
1472134774.886092,15
1472134779.927092,15
1472134784.968092,15
1472134790.062092,15
1472134795.142092,15
1472134800.210092,15
1472134805.295092,15
1472134810.356092,15
1472134815.414092,15
1472134820.473092,15
1472134825.531092,15
1472134830.938092,15
1472134835.993092,15
1472134841.041092,15
1472134846.099092,15
1472134851.159092,15
1472134856.215092,15
1472134861.263092,15
1472134866.355092,14
1472134871.404092,14
1472134876.454092,14
1472134881.504092,14
1472134886.563092,14
1472134891.614092,14
1472134896.668092,14
1472134901.728092,14
1472134906.786092,14
1472134911.841092,14
1472134916.892092,14
1472134922.016092,15
1472134927.056092,15
1472134932.090092,15
1472134937.132092,15
1472134942.174092,15
1472134947.218092,15
1472134952.258092,15
1472134957.297092,15
1472134962.331092,15
1472134967.372092,15
1472134972.414092,15
1472134977.448092,15
1472134982.517092,15
1472134987.576092,15
1472134992.627092,15
1472134997.680092,15
1472135002.737092,15
1472135007.794092,15
1472135012.841092,15
1472135017.889092,15
1472135022.937092,15
1472135027.995092,15
1472135033.052092,15
1472135038.104092,15
1472135043.193092,13
1472135048.250092,13
1472135053.299092,13
1472135058.376092,13
1472135063.419092,13
1472135068.452092,13
1472135073.494092,13
1472135078.555092,13
1472135083.610092,13
1472135088.660092,13
1472135093.722092,13
1472135098.776092,13
1472135103.903092,14
1472135108.963092,14
1472135114.020092,14
1472135119.080092,14
1472135124.213092,14
1472135129.271092,14
1472135134.327092,14
1472135139.375092,14
1472135144.428092,14
1472135149.487092,14
1472135154.567092,14
1472135159.643092,14
1472135164.737092,14
1472135170.022092,14
1472135175.056092,14
1472135180.098092,14
1472135185.297092,14
1472135190.555092,14
1472135195.759092,14
1472135200.791092,14
1472135206.012092,14
1472135211.271092,14
1472135216.485092,14
1472135221.699092,14
1472135226.828092,14
1472135231.870092,14
1472135237.109092,14
1472135242.400092,14
1472135247.726092,14
1472135252.940092,14
1472135258.228092,14
1472135263.625092,14
1472135268.948092,14
1472135274.431092,14
1472135279.809092,14
1472135285.163092,14
1472135290.572092,14
1472135295.991092,14
1472135301.349092,14
1472135306.694092,14
1472135312.089092,14
1472135317.471092,14
1472135322.884092,14
1472135328.427092,14
1472135333.553092,12
1472135338.607092,12
1472135343.667092,12
1472135348.838092,12
1472135353.992092,12
1472135359.140092,12
1472135364.400092,12
1472135369.557092,12
1472135374.819092,12
1472135380.251092,12
1472135385.796092,12
1472135391.146092,12
1472135396.693092,12
1472135402.089092,12
1472135407.446092,11
1472135412.837092,11
1472135418.208092,11
1472135423.426092,11
1472135428.818092,11
1472135434.201092,11
1472135439.601092,11
1472135445.012092,11
1472135450.326092,11
1472135455.664092,11
1472135461.171092,11
1472135466.516092,11
1472135471.852092,11
1472135477.218092,11
1472135482.597092,11
1472135488.000092,11
1472135493.152092,11
1472135498.397092,11
1472135503.949092,12
1472135509.376092,12
1472135514.662092,12
1472135520.032092,12
1472135525.350092,12
1472135530.594092,12
1472135535.957092,12
1472135541.372092,12
1472135546.665092,12
1472135551.715092,12
1472135556.764092,12
1472135561.818092,12
1472135566.863092,12
1472135571.905092,12
1472135576.936092,12
1472135581.993092,12
1472135587.026092,12
1472135592.056092,12
1472135597.439092,13
1472135602.533092,13
1472135607.591092,13
1472135612.649092,13
1472135617.709092,13
1472135622.766092,13
1472135627.816092,13
1472135633.016092,13
1472135638.075092,13
1472135643.131092,13
1472135648.197092,13
1472135653.244092,13
1472135658.316092,11
1472135663.360092,11
1472135668.403092,11
1472135673.441092,11
1472135678.473092,11
1472135683.511092,11
1472135688.554092,11
1472135693.650092,11
1472135698.710092,11
1472135703.769092,11
1472135708.824092,11
1472135713.883092,11
1472135718.933092,11
1472135723.985092,11
1472135729.037092,11
1472135734.094092,11
1472135739.173092,11
1472135744.230092,11
1472135749.288092,11
1472135754.407092,10
1472135759.467092,10
1472135764.532092,10
1472135769.585092,10
1472135774.635092,10
1472135779.693092,10
1472135784.752092,10
1472135789.808092,10
1472135794.861092,10
1472135799.919092,10
1472135804.980092,10
1472135810.031092,10
1472135815.132092,9
1472135820.183092,9
1472135825.244092,9
1472135830.293092,9
1472135835.343092,9
1472135840.394092,9
1472135845.454092,9
1472135850.513092,9
1472135855.548092,9
1472135860.581092,9
1472135865.650092,9
1472135870.684092,9
1472135875.724092,9
1472135880.755092,9
1472135885.788092,9
1472135890.822092,9
1472135895.852092,9
1472135900.928092,9
1472135905.974092,9
1472135911.139092,9
1472135916.180092,9
1472135921.223092,9
1472135926.265092,9
1472135931.343092,9
1472135936.373092,9
1472135941.478092,9
1472135946.590092,9
1472135951.659092,9
1472135956.695092,9
1472135961.743092,9
1472135966.781092,9
1472135971.877092,10
1472135976.920092,10
1472135981.951092,10
1472135986.983092,10
1472135992.017092,10
1472135997.056092,10
1472136002.165092,10
1472136007.201092,10
1472136012.242092,10
1472136017.284092,10
1472136022.332092,10
1472136027.382092,10
1472136032.439092,10
1472136037.496092,10
1472136042.581092,10
1472136047.628092,10
1472136052.662092,10
1472136057.702092,10
1472136063.033092,10
1472136068.072092,10
1472136073.110092,10
1472136078.149092,10
1472136083.189092,10
1472136088.219092,10
1472136093.252092,10
1472136098.298092,10
1472136103.439092,10
1472136108.497092,10
1472136113.544092,10
1472136118.604092,10
1472136123.659092,10
1472136128.690092,10
1472136133.730092,10
1472136138.772092,10
1472136143.839092,10
1472136148.872092,10
1472136153.915092,10
1472136158.973092,10
1472136164.103092,10
1472136169.160092,10
1472136174.214092,10
1472136179.272092,10
1472136184.321092,10
1472136189.371092,10
1472136194.430092,10
1472136199.498092,10
1472136204.534092,10
1472136209.565092,10
1472136214.607092,10
1472136219.639092,10
1472136224.672092,10
1472136229.708092,10
1472136234.752092,10
1472136239.978092,10
1472136245.017092,10
1472136250.048092,10
1472136255.092092,10
1472136260.212092,12
1472136265.244092,12
1472136270.317092,12
1472136275.630092,12
1472136280.915092,12
1472136286.269092,12
1472136291.617092,12
1472136297.005092,12
1472136302.429092,12
1472136307.961092,12
1472136313.752092,12
1472136319.325092,12
1472136324.915092,12
1472136330.445092,12
1472136335.788092,12
1472136341.323092,12
1472136346.639092,12
1472136351.778092,12
1472136357.380092,12
1472136362.793092,12
1472136368.214092,12
1472136373.605092,12
1472136379.044092,11
1472136384.460092,11
1472136389.892092,11
1472136395.390092,11
1472136400.759092,11
1472136406.129092,11
1472136411.444092,11
1472136416.600092,11
1472136421.656092,11
1472136426.706092,11
1472136431.759092,11
1472136436.816092,11
1472136442.227092,11
1472136447.287092,11
1472136452.338092,11
1472136457.394092,11
1472136462.758092,11
1472136468.105092,11
1472136473.484092,11
1472136478.810092,11
1472136484.194092,11
1472136489.578092,11
1472136494.893092,11
1472136500.091092,11
1472136505.218092,11
1472136510.608092,11
1472136515.668092,11
1472136520.752092,11
1472136525.783092,11
1472136530.823092,11
1472136535.862092,11
1472136540.898092,11
1472136545.931092,11
1472136550.965092,11
1472136556.002092,11
1472136561.035092,11
1472136566.072092,11
1472136571.167092,12
1472136576.235092,12
1472136581.268092,12
1472136586.310092,12
1472136591.344092,12
1472136596.386092,12
1472136601.426092,12
1472136606.495092,12
1472136611.557092,12
1472136616.613092,12
1472136621.660092,12
1472136626.718092,12
1472136631.779092,12
1472136636.831092,12
1472136641.889092,12
1472136646.953092,12
1472136652.005092,12
1472136657.066092,12
1472136662.127092,12
1472136667.257092,12
1472136672.315092,12
1472136677.372092,12
1472136682.431092,12
1472136687.487092,12
1472136692.536092,12
1472136697.585092,12
1472136702.643092,12
1472136707.695092,12
1472136712.753092,12
1472136717.826092,12
1472136722.877092,12
1472136728.007092,13
1472136733.057092,13
1472136738.107092,13
1472136743.156092,13
1472136748.213092,13
1472136753.262092,13
1472136758.302092,12
1472136763.336092,12
1472136768.368092,12
1472136773.401092,12
1472136778.459092,13
1472136783.517092,13
1472136788.567092,13
1472136793.681092,13
1472136798.726092,13
1472136803.767092,13
1472136808.798092,13
1472136813.840092,13
1472136818.880348,13
1472136823.922371,13
1472136828.966396,13
1472136834.027431,13
1472136839.089466,13
1472136844.147499,13
1472136849.197527,13
1472136854.249557,13
1472136859.766865,12
1472136864.817894,12
1472136869.884932,12
1472136874.937962,12
1472136879.988991,12
1472136885.041021,12
1472136890.097052,12
1472136895.151083,12
1472136900.194107,12
1472136905.23613,12
1472136910.284157,12
1472136915.344192,12
1472136920.440247,12
1472136925.491276,12
1472136930.587332,12
1472136935.638361,12
1472136940.688389,12
1472136945.748423,12
1472136950.791447,12
1472136955.843477,12
1472136960.878496,12
1472136965.917517,12
1472136970.964544,12
1472136976.004566,12
1472136981.039585,12
1472136986.082609,12
1472136991.125633,12
1472136996.168657,12
1472137001.201675,12
1472137006.240697,12
1472137011.359766,11
1472137016.419801,11
1472137021.478834,11
1472137026.529863,11
1472137031.639927,11
1472137036.692957,11
1472137041.751991,11
1472137046.80402,11
1472137051.866056,11
1472137056.92709,11
1472137061.987125,11
1472137067.036152,11
1472137072.264287,11
1472137077.317317,11
1472137082.368346,11
1472137087.429381,11
1472137092.48141,11
1472137097.542445,11
1472137102.594474,11
1472137107.655509,11
1472137112.717545,11
1472137117.770246,11
1472137122.827257,11
1472137127.876267,11
1472137132.915274,11
1472137137.958283,11
1472137143.001291,11
1472137148.043299,11
1472137153.089308,11
1472137158.130316,11
1472137163.171324,11
1472137168.213332,11
1472137173.248339,11
1472137178.280345,11
1472137183.384366,12
1472137188.436376,12
1472137193.489387,12
1472137198.538396,12
1472137203.595407,12
1472137208.643417,12
1472137213.692426,12
1472137218.742436,12
1472137223.799447,12
1472137228.848457,12
1472137233.901467,12
1472137238.950477,12
1472137244.075502,13
1472137249.131513,13
1472137254.181523,13
1472137259.241534,13
1472137264.298546,13
1472137269.358557,13
1472137274.415569,13
1472137279.470579,13
1472137284.52659,13
1472137289.5776,13
1472137294.62861,13
1472137299.689622,13
1472137304.734631,13
1472137309.765637,13
1472137314.807645,13
1472137319.848653,13
1472137324.888661,13
1472137329.928669,13
1472137335.318747,13
1472137340.360755,13
1472137345.472777,14
1472137350.532789,14
1472137355.591801,14
1472137361.096901,14
1472137366.131908,14
1472137371.164915,14
1472137376.199921,14
1472137381.235928,14
1472137386.270935,14
1472137391.303942,14
1472137396.337948,14
1472137401.527986,14
1472137406.558992,14
1472137411.591998,14
1472137416.69902,13
1472137421.757555,13
1472137426.81106,13
1472137431.868566,13
1472137437.188097,13
1472137442.254604,13
1472137447.31211,13
1472137452.368615,13
1472137457.425121,13
1472137462.473626,13
1472137467.529131,13
1472137472.577636,13
1472137477.674146,13
1472137482.71465,13
1472137487.756154,13
1472137492.789657,13
1472137497.832161,13
1472137502.865665,13
1472137507.907169,13
1472137512.941672,13
1472137517.977176,13
1472137523.153693,13
1472137528.197197,13
1472137533.232701,13
1472137538.333211,12
1472137543.704748,12
1472137548.779255,12
1472137553.841762,12
1472137558.902268,12
1472137563.962774,12
1472137569.014279,12
1472137574.073785,12
1472137579.134291,12
1472137584.194797,12
1472137589.241301,12
1472137594.275805,12
1472137599.374314,12
1472137604.412818,12
1472137609.449322,12
1472137614.482825,12
1472137619.513328,12
1472137624.542831,12
1472137629.583335,12
1472137634.623839,12
1472137639.659343,12
1472137644.701847,12
1472137649.786355,12
1472137654.83886,12
1472137659.888365,12
1472137664.93987,12
1472137669.997376,12
1472137675.104887,11
1472137680.13639,11
1472137685.177894,11
1472137690.348411,11
1472137695.378914,11
1472137700.420418,11
1472137705.463922,11
1472137710.511427,11
1472137715.54593,11
1472137720.582434,11
1472137725.725948,14
1472137730.768453,11
1472137735.807956,11
1472137740.870463,14
1472137745.909967,14
1472137750.952471,14
1472137755.982974,14
1472137761.012477,14
1472137766.052981,14
1472137771.083484,14
1472137776.115987,14
1472137781.169492,14
1472137786.215997,14
1472137791.2515,14
1472137796.294004,14
1472137801.693544,14
1472137806.734048,14
1472137811.774552,14
1472137816.806055,14
1472137821.882563,14
1472137826.922067,14
1472137831.965571,14
1472137837.007075,14
1472137842.042579,14
1472137847.083083,14
1472137852.117586,14
1472137857.15809,14
1472137862.243599,14
1472137867.278102,14
1472137872.319606,14
1472137877.35911,14
1472137882.45762,14
1472137887.514126,14
1472137892.56263,14
1472137897.613135,14
1472137902.669641,14
1472137907.722146,14
1472137912.786653,14
1472137917.846158,14
1472137922.898664,14
1472137927.948169,14
1472137933.010675,14
1472137938.05918,14
1472137943.183692,11
1472137948.237197,11
1472137953.298703,11
1472137958.352209,11
1472137963.412715,11
1472137968.46222,11
1472137973.505724,11
1472137978.537227,11
1472137983.614735,11
1472137988.647238,11
1472137993.680741,11
1472137998.726246,11
1472138003.76675,11
1472138008.810254,11
1472138013.853758,11
1472138018.888262,11
1472138023.944767,11
1472138028.989272,11
1472138034.023775,11
1472138039.06928,11
1472138044.101783,11
1472138049.135286,11
1472138054.225795,11
1472138059.287301,11
1472138064.345807,11
1472138069.405313,11
1472138074.462819,11
1472138079.523325,11
1472138084.57683,11
1472138089.626335,11
1472138094.67784,11
1472138099.737346,11
1472138104.785851,11
1472138109.836356,11
1472138114.934865,11
1472138119.976369,11
1472138125.008873,11
1472138130.042376,11
1472138135.08288,11
1472138140.127384,11
1472138145.172889,11
1472138150.203392,11
1472138155.250897,11
1472138160.2894,11
1472138165.330904,11
1472138170.366408,11
1472138175.412913,11
1472138180.471418,12
1472138185.511922,12
1472138190.556427,12
1472138195.610932,12
1472138200.655437,12
1472138205.696941,12
1472138210.731444,12
1472138215.766948,12
1472138220.803451,12
1472138225.835954,12
1472138230.872458,12
1472138235.906961,12
1472138241.007471,11
1472138246.054976,11
1472138251.09648,11
1472138256.138984,11
1472138261.178488,11
1472138266.219992,11
1472138271.259496,11
1472138276.352005,11
1472138281.392509,11
1472138286.465017,11
1472138291.515522,11
1472138296.569027,11
1472138301.80255,11
1472138306.856056,11
1472138311.908561,11
1472138316.967067,11
1472138322.023572,11
1472138327.080078,11
1472138332.128583,11
1472138337.224092,11
1472138342.257595,11
1472138347.329102,11
1472138352.377607,11
1472138357.441114,11
1472138362.50162,11
1472138367.563126,11
1472138372.596629,11
1472138377.640133,11
1472138382.684638,11
1472138387.717141,11
1472138392.751644,11
1472138398.084177,11
1472138403.204689,9
1472138408.278197,9
1472138413.344703,9
1472138418.585227,9
1472138423.646733,9
1472138428.755244,9
1472138433.845753,9
1472138438.946263,9
1472138444.061775,9
1472138449.11228,9
1472138454.393808,9
1472138459.437312,9
1472138464.539822,10
1472138469.581326,10
1472138474.61383,10
1472138479.946363,10
1472138485.236892,10
1472138490.569425,10
1472138495.907959,10
1472138501.21649,10
1472138506.988067,10
1472138512.378606,10
1472138517.750143,10
1472138523.090677,10
1472138528.472215,10
1472138533.833751,10
1472138539.114279,10
1472138544.584826,10
1472138549.899357,10
1472138555.245892,10
1472138560.587426,10
1472138566.206988,10
1472138571.407508,10
1472138576.448012,10
1472138581.656533,10
1472138586.93206,10
1472138592.296597,10
1472138597.616129,10
1472138602.660633,10
1472138607.706138,10
1472138612.738641,10
1472138617.773071,10
1472138622.807071,10
1472138627.901071,7
1472138632.938071,7
1472138637.980071,7
1472138643.026071,7
1472138648.056071,7
1472138653.086071,7
1472138658.119071,7
1472138663.156071,7
1472138668.193071,7
1472138673.233071,7
1472138678.265071,7
1472138683.295071,7
1472138688.383071,7
1472138693.477071,7
1472138698.533071,7
1472138703.582071,7
1472138708.632071,7
1472138713.680071,7
1472138718.736071,7
1472138723.792071,7
1472138728.842071,7
1472138733.900071,7
1472138738.950071,7
1472138743.993071,7
1472138749.071071,7
1472138754.113071,7
1472138759.146071,7
1472138764.185071,7
1472138769.218071,7
1472138774.249071,7
1472138779.290071,7
1472138784.322071,7
1472138789.361071,7
1472138794.436071,7
1472138799.476071,7
1472138804.515071,7
1472138809.550071,7
1472138814.645071,7
1472138819.680071,7
1472138824.719071,7
1472138829.760071,7
1472138834.803071,7
1472138839.842071,7
1472138844.882071,7
1472138849.917071,7
1472138855.009071,7
1472138860.042071,7
1472138865.080071,7
1472138870.115071,7
1472138875.226071,7
1472138880.338071,7
1472138885.386071,7
1472138890.444071,7
1472138895.501071,7
1472138900.549071,7
1472138905.607071,7
1472138910.668071,7
1472138915.717071,7
1472138920.806071,7
1472138925.851071,7
1472138930.885071,7
1472138935.917071,7
1472138941.010071,8
1472138946.039071,8
1472138951.070071,8
1472138956.101071,8
1472138961.142071,8
1472138966.183071,8
1472138971.226071,8
1472138976.257071,8
1472138981.339071,8
1472138986.372071,8
1472138991.412071,8
1472138996.444071,8
1472139001.485071,8
1472139006.573071,8
1472139011.605071,8
1472139016.644071,8
1472139021.684071,8
1472139026.715071,8
1472139031.756071,8
1472139036.789071,8
1472139041.847071,8
1472139046.935071,8
1472139051.991071,8
1472139057.048071,8
1472139062.105071,8
1472139067.161071,8
1472139072.219071,8
1472139077.276071,8
1472139082.325071,8
1472139087.382071,8
1472139092.433071,8
1472139097.508071,6
1472139102.561071,8
1472139107.665071,6
1472139112.713071,6
1472139117.768071,6
1472139122.818071,6
1472139127.868071,6
1472139132.926071,6
1472139137.985071,6
1472139143.034071,6
1472139148.081071,6
1472139153.132071,6
1472139158.222071,5
1472139163.257071,5
1472139168.294071,5
1472139173.324071,5
1472139178.356071,5
1472139183.396071,5
1472139188.427071,5
1472139193.467071,5
1472139198.507071,5
1472139203.538071,5
1472139208.567071,5
1472139213.634071,5
1472139218.674071,5
1472139223.764071,5
1472139228.798071,5
1472139233.834071,5
1472139238.880071,5
1472139243.911071,5
1472139248.951071,5
1472139253.980071,5
1472139259.024071,5
1472139264.064071,5
1472139269.096071,5
1472139274.190071,5
1472139279.480071,5
1472139284.540071,5
1472139289.589071,5
1472139294.646071,5
1472139299.695071,5
1472139304.751071,5
1472139309.809071,5
1472139314.869071,5
1472139319.917071,5
1472139324.973071,5
1472139330.062071,6
1472139335.162071,6
1472139340.225071,6
1472139345.282071,6
1472139350.329071,6
1472139355.378071,6
1472139360.433071,6
1472139365.489071,6
1472139370.546071,6
1472139375.597071,6
1472139380.654071,6
1472139385.712071,6
1472139390.773071,6
1472139395.821071,6
1472139400.920071,6
1472139405.972071,6
1472139411.025071,6
1472139416.078071,6
1472139421.132071,6
1472139426.180071,6
1472139431.239071,6
1472139436.299071,6
1472139441.348071,6
1472139446.402071,6
1472139451.462071,6
1472139456.510071,6
1472139461.570071,6
1472139466.688071,5
1472139471.746071,5
1472139476.793071,5
1472139481.992071,5
1472139487.035071,5
1472139492.067071,5
1472139497.100071,5
1472139502.139071,5
1472139507.198071,5
1472139512.254071,5
1472139517.312071,5
1472139522.360071,5
1472139527.475071,5
1472139532.526071,5
1472139537.574071,5
1472139542.633071,5
1472139547.682071,5
1472139552.731071,5
1472139557.789071,5
1472139562.843071,5
1472139567.877071,5
1472139572.919071,5
1472139577.957071,5
1472139582.987071,5
1472139588.029071,5
1472139593.064071,5
1472139598.095071,5
1472139603.125071,5
1472139608.165071,5
1472139613.199071,5
1472139618.242071,5
1472139623.342071,9
1472139628.381071,9
1472139633.414071,9
1472139638.454071,9
1472139643.496071,9
1472139648.528071,9
1472139653.573071,9
1472139658.604071,9
1472139663.634071,9
1472139668.714071,9
1472139673.773071,9
1472139678.808071,9
1472139683.838071,9
1472139688.953071,10
1472139693.985071,10
1472139699.025071,10
1472139704.055071,10
1472139709.086071,10
1472139714.117071,10
1472139719.147071,10
1472139724.179071,10
1472139729.225071,10
1472139734.257071,10
1472139739.298071,10
1472139744.340071,10
1472139749.381071,10
1472139754.474071,9
1472139759.504071,9
1472139764.544071,9
1472139769.576071,9
1472139774.616071,9
1472139779.651071,9
1472139784.689071,9
1472139789.728071,9
1472139794.794071,9
1472139799.854071,9
1472139804.913071,9
1472139809.961071,9
1472139815.016071,9
1472139820.074071,9
1472139825.123071,9
1472139830.171071,9
1472139835.230071,9
1472139840.279071,9
1472139845.329071,9
1472139850.385071,9
1472139855.525071,8
1472139860.581071,8
1472139865.638071,8
1472139870.688071,8
1472139875.737071,8
1472139880.794071,8
1472139885.854071,8
1472139890.912071,8
1472139895.964071,8
1472139901.021071,8
1472139906.070071,8
1472139911.139071,8
1472139916.173071,8
1472139921.217071,8
1472139926.249071,8
1472139931.280071,8
1472139936.324071,8
1472139941.354071,8
1472139946.386071,8
1472139951.426071,8
1472139956.458071,8
1472139961.502071,8
1472139966.542071,8
1472139971.632071,6
1472139976.687071,6
1472139981.743071,6
1472139986.794071,6
1472139991.844071,6
1472139996.900071,6
1472140001.949071,6
1472140006.997071,6
1472140012.057071,6
1472140017.112071,6
1472140022.171071,6
1472140027.274071,6
1472140032.317071,6
1472140037.361071,6
1472140042.394071,6
1472140047.434071,6
1472140052.466071,6
1472140057.512071,6
1472140062.548071,6
1472140067.583071,6
1472140072.625071,6
1472140077.667071,6
1472140082.807071,6
1472140087.858071,6
1472140092.909071,6
1472140097.958071,6
1472140103.010071,6
1472140108.059071,6
1472140113.120071,6
1472140118.173071,6
1472140123.222071,6
1472140128.284071,6
1472140133.367071,5
1472140138.410071,5
1472140143.444071,5
1472140148.488071,5
1472140153.530071,5
1472140158.570071,5
1472140163.610071,5
1472140168.641071,5
1472140173.680071,5
1472140178.722071,5
1472140183.754071,5
1472140188.833071,5
1472140193.891071,5
1472140199.001071,5
1472140204.033071,5
1472140209.090071,5
1472140214.120071,5
1472140219.154071,5
1472140224.195071,5
1472140229.257071,5
1472140234.316071,5
1472140239.363071,5
1472140244.412071,5
1472140249.460071,5
1472140254.531071,5
1472140259.589071,5
1472140264.638071,5
1472140269.696071,5
1472140277.901071,5
1472140283.099071,5
1472140288.212071,5
1472140293.397071,5
1472140298.580071,5
1472140303.764071,5
1472140308.951071,5
1472140313.984071,5
1472140319.064071,5
1472140324.120071,5
1472140329.169071,5
1472140334.229071,5
1472140339.278071,5
1472140344.334071,5
1472140349.382071,5
1472140354.437071,5
1472140359.492071,5
1472140364.549071,5
1472140369.607071,5
1472140374.700071,6
1472140379.734071,6
1472140384.776071,6
1472140389.808071,6
1472140394.848071,6
1472140399.887071,6
1472140404.967071,6
1472140410.018071,6
1472140415.074071,6
1472140420.123071,6
1472140425.174071,6
1472140430.209071,6
1472140435.317071,6
1472140440.359071,6
1472140445.386071,6
1472140450.416071,6
1472140455.447071,6
1472140460.496071,6
1472140465.547071,6
1472140470.647071,6
1472140475.695071,6
1472140480.744071,6
1472140485.803071,6
1472140490.840071,6
1472140495.902071,6
1472140500.963071,6
1472140506.068071,6
1472140511.151071,6
1472140516.239071,6
1472140521.365071,5
1472140526.445071,5
1472140531.518071,5
1472140536.588071,5
1472140541.632071,5
1472140546.672071,5
1472140551.712071,5
1472140556.742071,5
1472140561.796071,5
1472140566.828071,5
1472140571.859071,5
1472140576.894071,5
1472140582.000071,5
1472140587.029071,5
1472140592.070071,5
1472140597.110071,5
1472140602.141071,5
1472140607.182071,5
1472140612.306071,5
1472140617.354071,5
1472140622.403071,5
1472140627.459071,5
1472140632.513071,5
1472140637.572071,5
1472140642.623071,5
1472140647.676071,5
1472140652.727071,5
1472140657.784071,5
1472140662.841071,5
1472140667.898071,5
1472140672.930071,5
1472140677.971071,5
1472140683.163071,5
1472140688.195071,5
1472140693.235071,5
1472140698.276071,5
1472140703.317071,5
1472140708.349071,5
1472140713.393071,5
1472140718.438071,5
1472140723.471071,5
1472140728.584071,6
1472140733.634071,6
1472140738.685071,6
1472140743.741071,6
1472140748.789071,6
1472140753.836071,6
1472140758.892071,6
1472140763.940071,6
1472140768.989071,6
1472140774.036071,6
1472140779.092071,6
1472140784.150071,6
1472140789.264071,6
1472140794.324071,6
1472140799.374071,6
1472140804.432071,6
1472140809.481071,6
1472140814.540071,6
1472140819.594071,6
1472140824.643071,6
1472140829.700071,6
1472140834.749071,6
1472140839.807071,6
1472140844.883071,6
1472140849.916071,6
1472140854.955071,6
1472140859.995071,6
1472140865.040071,6
1472140870.085071,6
1472140875.119071,6
1472140880.156071,6
1472140885.187071,6
1472140890.217071,6
1472140895.252071,6
1472140900.285071,6
1472140905.331071,7
1472140910.362071,7
1472140915.394071,7
1472140920.435071,7
1472140925.475071,7
1472140930.507071,7
1472140935.548071,7
1472140940.582071,7
1472140945.628071,7
1472140950.787071,6
1472140955.831071,7
1472140960.873071,7
1472140965.929071,6
1472140970.973071,6
1472140976.015071,6
1472140981.047071,6
1472140986.088071,6
1472140991.130071,6
1472140996.160071,6
1472141001.190071,6
1472141006.220071,6
1472141011.258071,6
1472141016.364071,6
1472141021.422071,6
1472141026.473071,6
1472141031.523071,6
1472141036.573071,6
1472141041.633071,6
1472141046.691071,6
1472141051.742071,6
1472141056.793071,6
1472141061.843071,6
1472141066.891071,6
1472141071.957071,6
1472141077.001071,6
1472141082.033071,6
1472141087.075071,6
1472141092.108071,6
1472141097.138071,6
1472141102.167071,6
1472141107.207071,6
1472141112.243071,6
1472141117.285071,6
1472141122.317071,6
1472141127.358071,6
1472141132.392071,6
1472141137.476071,7
1472141142.516071,7
1472141147.556071,7
1472141152.585071,7
1472141157.615071,7
1472141162.650071,7
1472141167.681071,7
1472141172.713071,7
1472141177.746071,7
1472141182.781071,7
1472141187.819071,7
1472141192.852071,7
1472141197.883071,7
1472141202.975071,7
1472141208.010071,7
1472141213.099071,7
1472141218.148071,7
1472141223.197071,7
1472141228.246071,7
1472141233.302071,7
1472141238.359071,7
1472141243.415071,7
1472141248.466071,7
1472141253.517071,7
1472141258.576071,7
1472141263.626071,7
1472141268.674071,7
1472141273.723071,7
1472141278.808071,7
1472141283.908071,7
1472141288.950071,7
1472141293.983071,7
1472141299.025071,7
1472141304.054071,7
1472141309.094071,7
1472141314.126071,7
1472141319.159071,7
1472141324.194071,7
1472141329.237071,7
1472141334.321071,7
1472141339.371071,7
1472141344.429071,7
1472141349.484071,7
1472141354.543071,7
1472141359.598071,7
1472141364.656071,7
1472141369.713071,7
1472141374.762071,7
1472141379.824071,7
1472141384.872071,7
1472141389.951071,5
1472141394.992071,5
1472141400.093071,5
1472141405.123071,5
1472141410.217071,5
1472141415.286071,5
1472141420.320071,5
1472141425.361071,5
1472141430.392071,5
1472141435.434071,5
1472141440.464071,5
1472141445.506071,5
1472141450.566071,5
1472141455.627071,5
1472141460.677071,5
1472141465.729071,5
1472141470.778071,5
1472141475.931071,5
1472141480.979071,5
1472141486.034071,5
1472141491.081071,5
1472141496.129071,5
1472141501.185071,5
1472141506.235071,5
1472141511.287071,5
1472141516.346071,5
1472141521.405071,5
1472141526.460071,5
1472141531.511071,5
1472141536.561071,5
1472141541.667071,5
1472141546.716071,5
1472141551.766071,5
1472141556.816071,5
1472141561.874071,5
1472141566.930071,5
1472141571.989071,5
1472141577.047071,5
1472141582.192071,5
1472141587.240071,5
1472141592.297071,5
1472141597.350071,5
1472141602.473071,6
1472141607.521071,6
1472141612.988071,6
1472141618.035071,6
1472141623.084071,6
1472141628.141071,6
1472141633.191071,6
1472141638.239071,6
1472141643.295071,6
1472141648.351071,6
1472141653.408071,6
1472141658.469071,6
1472141663.582071,7
1472141668.639071,7
1472141673.698071,7
1472141678.753071,7
1472141683.800071,7
1472141688.848071,7
1472141693.899071,7
1472141698.959071,7
1472141704.016071,7
1472141709.066071,7
1472141714.119071,7
1472141719.149071,7
1472141724.189071,7
1472141729.233071,7
1472141734.275071,7
1472141739.332071,7
1472141744.363071,7
1472141749.403071,7
1472141754.446071,7
1472141759.486071,7
1472141764.517071,7
1472141769.617071,7
1472141774.649071,7
1472141779.738071,7
1472141784.769071,7
1472141789.812071,7
1472141794.856071,7
1472141799.886071,7
1472141804.917071,7
1472141809.957071,7
1472141814.989071,7
1472141820.022071,7
1472141825.053071,7
1472141830.089071,7
1472141835.132071,7
1472141840.214071,7
1472141845.255071,7
1472141850.289071,7
1472141855.328071,7
1472141860.367071,7
1472141865.406071,7
1472141870.447071,7
1472141875.491071,7
1472141880.521071,7
1472141885.666071,7
1472141890.716071,7
1472141895.773071,7
1472141900.831071,7
1472141905.886071,7
1472141910.943071,7
1472141916.002071,7
1472141921.061071,7
1472141926.118071,7
1472141931.166071,7
1472141936.227071,7
1472141941.293071,6
1472141946.363071,6
1472141951.425071,6
1472141956.476071,6
1472141961.535071,6
1472141966.585071,6
1472141971.644071,6
1472141976.695071,6
1472141981.745071,6
1472141986.795071,6
1472141991.851071,6
1472141996.900071,6
1472142002.046071,6
1472142007.119071,6
1472142012.170071,6
1472142017.222071,6
1472142022.279071,6
1472142027.330071,6
1472142032.381071,6
1472142037.442071,6
1472142042.491071,6
1472142047.539071,6
1472142052.599071,6
1472142057.657071,6
1472142062.703071,6
1472142067.787071,6
1472142072.828071,6
1472142077.859071,6
1472142082.891071,6
1472142087.967071,6
1472142093.024071,6
1472142098.075071,6
1472142103.123071,6
1472142108.172071,6
1472142113.230071,6
1472142118.277071,6
1472142123.336071,6
1472142128.393071,6
1472142133.452071,6
1472142138.500071,6
1472142143.603071,6
1472142148.636071,6
1472142153.679071,6
1472142158.725071,6
1472142163.758071,6
1472142168.797071,6
1472142173.839071,6
1472142178.922071,6
1472142183.978071,6
1472142189.034071,6
1472142194.083071,6
1472142199.140071,6
1472142204.197071,6
1472142209.329071,5
1472142214.442071,5
1472142219.481071,5
1472142224.513071,5
1472142229.545071,5
1472142234.597071,6
1472142239.631071,5
1472142244.672071,5
1472142249.712071,5
1472142254.743071,5
1472142259.785071,5
1472142264.814071,5
1472142269.906071,5
1472142274.947071,5
1472142279.979071,5
1472142285.021071,5
1472142290.051071,5
1472142295.092071,5
1472142300.122071,5
1472142305.162071,5
1472142310.204071,5
1472142315.247071,5
1472142320.290071,5
1472142325.320071,5
1472142330.352071,5
1472142335.453071,5
1472142340.494071,5
1472142345.536071,5
1472142350.619071,5
1472142355.678071,5
1472142360.725071,5
1472142365.784071,5
1472142370.837071,5
1472142375.899071,5
1472142380.950071,5
1472142386.005071,5
1472142391.053071,5
1472142396.101071,5
1472142401.149071,5
1472142406.199071,5
1472142411.332071,5
1472142416.423071,5
1472142421.479071,5
1472142426.537071,5
1472142431.595071,5
1472142436.643071,5
1472142441.703071,5
1472142446.751071,5
1472142451.798071,5
1472142456.846071,5
1472142461.893071,5
1472142466.934071,5
1472142471.975071,5
1472142477.014071,5
1472142482.057071,5
1472142487.176071,5
1472142492.224071,5
1472142497.275071,5
1472142502.316071,5
1472142507.357071,5
1472142512.397071,5
1472142517.440071,5
1472142522.473071,5
1472142527.508071,5
1472142532.548071,5
1472142537.581071,5
1472142542.622071,5
1472142547.667071,5
1472142552.699071,5
1472142557.773071,5
1472142562.805071,5
1472142567.835071,5
1472142572.878071,5
1472142577.923071,5
1472142582.967071,5
1472142587.998071,5
1472142593.041071,5
1472142598.083071,5
1472142603.118071,5
1472142608.185071,5
1472142613.253071,5
1472142618.340071,5
1472142623.493071,6
1472142628.533071,6
1472142633.565071,6
1472142638.606071,6
1472142643.720071,6
1472142648.806071,6
1472142653.885071,6
1472142658.965071,6
1472142664.015071,6
1472142669.063071,6
1472142674.119071,6
1472142679.174071,6
1472142684.222071,6
1472142689.274071,6
1472142694.325071,6
1472142699.415071,6
1472142704.505071,6
1472142709.563071,6
1472142714.614071,6
1472142719.671071,6
1472142724.707071,6
1472142729.751071,6
1472142734.785071,6
1472142739.824071,6
1472142744.864071,6
1472142749.902071,6
1472142754.941071,6
1472142760.029071,6
1472142765.070071,6
1472142770.111071,6
1472142775.142071,6
1472142780.181071,6
1472142785.263071,6
1472142790.314071,6
1472142795.364071,6
1472142800.421071,6
1472142805.477071,6
1472142810.536071,6
1472142815.586071,6
1472142820.643071,6
1472142825.700071,6
1472142830.757071,6
1472142835.807071,6
1472142840.855071,6
1472142845.931071,0
1472142851.005071,0